guba.eastmoney.com	-25.262218157024673	2691071	1923229	4491	503880000	1690000	631000	8
eastmoney.com	-24.6492939765691	4062524	2817296	4491	560280000	1840000	1290000	7
finance.qq.com	-21.919927246137263	34035	12286	9	10706545	1860000	225000	6
hexun.com	-20.727993490273008	662905	235445	None	152210000	1790000	4380000	7
xueqiu.com	-18.534150889917612	108768	54382	6091	43901508	1420000	492000	6
finance.jrj.com.cn	-17.38864126689327	12204	6584	453	5146923	1540000	44	6
stock.qq.com	-16.273828070254538	8554	5067	9	681244	647000	235000	5
news.hexun.com	-14.919037376823567	44119	9539	None	17222367	1860000	59900	6
finance.chinanews.com	-13.924023039817836	7335	3890	4223	5158745	1210000	436000	5
finance.eastmoney.com	-13.845537125804224	9311	1028	4491	3894933	1950000	238000	5
36kr.com	-13.042682712440172	33490	13647	1924	1044888	630000	381000	5
howbuy.com	-12.097053078730694	126143	98085	None	4182400	1140000	100000	5
yicai.com	-11.87130861273646	22681	10839	None	2234923	890000	3070000	5
cyzone.cn	-11.745091886128323	37554	21900	None	1361824	820000	155000	6
wallstreetcn.com	-11.152160801550043	29805	14063	4918	594631	523000	61900	5
news.cnfol.com	-10.84380773889288	14130	9045	None	3307264	1110000	100	5
microbell.com	-10.799283561263419	5021	1632	118488	21477340	1910000	66	4
zhicheng.com	-10.28023030775345	40572	30215	47268	957110	664000	103000	5
gold678.com	-9.649180223366654	2503	1767	10873	11229695	803000	1100000	3
finance.sina.com.cn	-8.704013605111676	305618	48489	19	0	1250000	7370000	7
industry.caijing.com.cn	-8.218003465568598	2371	450	226	157399	166000	19500	4
finance.stockstar.com	-8.045006593086974	3682	960	None	3921515	636000	35400	4
xinhuanet.com	-7.380700320949214	394613	237368	120	0	2000000	449000	8
tech.sina.com.cn	-7.052661584269105	128831	53072	19	0	1660000	498000	7
money.cnfol.com	-5.439105156957225	3286	2380	None	461410	389000	42	4
yuncaijing.com	-4.979126169009376	25904	14519	67492	7167609	855000	15000	2
17ok.com	-4.772600702114769	240	176	426	698156	605000	182000	2
jrj.com.cn	-4.336853419618853	180577	110994	453	0	4770000	911000	6
money.163.com	-4.207999943323317	126700	73738	485	0	1390000	222000	7
tech.qq.com	-4.045440179972411	27426	12600	9	0	1620000	289000	5
cngold.com.cn	-3.736196445929548	32416	17566	54281	2134806	635000	15400	2
wiki.mbalib.com	-3.358469215132711	139352	75536	4713	0	654000	3480000	7
news.fx168.com	-3.106142321692956	782	556	None	734245	386000	7350	3
gov.cn	-3.0419871200931556	290301	196342	None	0	5020000	20000000	7
energy.cngold.org	-2.7280290569879995	1967	94	16775	187050	208000	5390	3
stock.jrj.com.cn	-2.6766727353850186	29440	10497	453	0	1900000	492000	6
finance.ifeng.com	-1.8123911386831395	173119	111257	None	0	1180000	7890000	7
cngold.org	-1.7953615707527035	375459	293819	16775	0	1730000	4040000	6
mbalib.com	-1.6338002665959408	150190	79053	4713	0	1550000	11200000	5
quotes.money.163.com	-1.5595014095216264	38574	21716	485	0	701000	48	6
company.stcn.com	-1.35478765714661	165	109	None	322201	259000	34000	3
ce.cn	-1.1309208547545548	101122	71610	None	0	1890000	19400000	6
jinse.com	-0.975797913597241	19411	18909	17923	187780	177000	37400	2
finance.huanqiu.com	-0.955272337730225	15726	8540	255	0	1540000	54	5
stock.eastmoney.com	-0.7162382487540491	35176	23527	4491	0	1730000	79000	6
qlmoney.com	-0.0022264979293895593	8944	4638	333337	649874	365000	2270	2
mofcom.gov.cn	0.049647786573801866	53825	24746	11790	0	1620000	0	6
cnfol.com	0.3627050553868951	82748	55912	None	0	2020000	3200000	6
stock.gucheng.com	0.8361335501499312	5067	28	None	53007	61900	42	3
southmoney.com	0.9563318916806551	150192	91707	12396	0	1830000	199000	5
xiejing.com	0.9900989637393515	2875	1877	534404	3511584	646000	2580000	1
money.gucheng.com	1.3235705746696054	2297	5	None	45380	61000	57	3
news.cn	1.4588387648336436	13525	7319	None	0	789000	16600000	5
business.sohu.com	1.4799240099905244	37455	13202	None	0	1960000	595000	6
finance.laoqianzhuang.com	1.6839549927339181	339	4	293208	491740	353000	11	2
jingji.cctv.com	1.7468059107247562	18368	5473	8707	32576	36400	18700	2
customs.gov.cn	1.9008205460012668	32012	13382	27395	0	622000	0	6
leiphone.com	1.9839743103009901	17835	6998	5734	0	660000	314000	5
engadget.com	2.0058335935437075	15669	7749	None	0	1590000	466000	6
time.com	2.036998445294903	491	1	680	0	505000	45900000	3
stock.hexun.com	2.0418403486030563	15231	2635	None	0	1850000	360000	6
caixin.com	2.1557955451979964	60666	34929	None	0	916000	92200	6
gold.hexun.com	2.255364510875724	87157	54367	None	0	780000	94	6
stock.caijing.com.cn	2.423656304331132	0	0	226	0	187000	392000	6
ocn.com.cn	2.522829228382033	20806	12571	45492	0	597000	2050000	5
ftchinese.com	2.658044636919577	25765	12826	None	0	771000	106000	6
gold.cnfol.com	3.286706706141942	9517	5596	None	0	889000	2290000	5
p5w.net	3.2981871678919994	23880	12841	25554	0	1360000	3220000	4
gold.laoqianzhuang.com	3.3523489142700624	406	148	293208	162821	166000	13	2
aastocks.com	3.4918406225577545	2286	1331	1241	0	848000	0	4
stock.10jqka.com.cn	3.5134070240263995	18598	8887	None	0	1480000	515000	5
nbd.com.cn	3.5878942854480727	9761	5158	27922	0	852000	94	5
cnstock.com	3.9281295751840553	17739	11417	None	0	960000	327000	5
1234567.com.cn	3.978651598348213	150935	147932	33129	0	161000	38300	5
funds.hexun.com	4.000120528647097	4902	1106	None	2252629	0	0	5
cs.com.cn	4.107337669448226	35473	21375	None	0	1150000	3950000	4
3news.cn	4.1200792145576575	2557	1655	191412	645615	354000	70	1
eeo.com.cn	4.124176382411557	7191	5470	36886	0	373000	292000	5
finance.ce.cn	4.1283384966247745	13894	11124	None	0	995000	125000	5
stcn.com	4.187674157481991	8321	3894	None	0	1210000	196000	5
zdnet.com	4.20453757658175	0	0	None	0	906000	128000	8
q.stock.sohu.com	4.253782281106275	23576	15805	None	0	824000	0	5
futures.hexun.com	4.566612092054902	10484	4169	None	0	886000	8960	5
chinatax.gov.cn	4.589255836238415	53083	18322	None	0	99400	0	6
stock.591hx.com	4.692217357079834	22867	13373	88384	0	483000	14800	5
finance.591hx.com	4.754716584421203	16797	10862	88384	0	521000	16	5
biz.163.com	4.76279605683287	959	592	485	0	336000	1130000	3
21jingji.com	4.8999504414549	2035	764	38954	170438	189000	13600	1
forex.cngold.org	5.040093142129715	13471	342	16775	0	844000	3170	4
finance.caijing.com.cn	5.220028115991512	731	152	226	0	121000	510000	3
news.hongzhoukan.com	5.248944309166983	503	288	980521	100900	91600	7	2
newyorker.com	5.31384318893711	0	0	None	0	341000	0	8
cfi.net.cn	5.325247287113028	8361	756	21321	0	873000	38200	4
gold.jrj.com.cn	5.395134597421685	1690	931	453	0	598000	0	3
money.hexun.com	5.543361291229861	3553	953	None	0	540000	50	5
thepaper.cn	5.55010374437721	41979	24051	None	0	1080000	9490000	3
fortunechina.com	5.5565957908562815	13867	5971	None	0	209000	85600	5
stock.stockstar.com	5.621141930440968	3906	1085	None	0	2900000	69700	4
jiemian.com	5.738215842591104	53152	33011	5029	0	534000	186000	3
finance.eastday.com	5.885284181212708	337	191	230	0	404000	23	3
money.jrj.com.cn	5.941945606949235	1191	247	453	0	331000	109000	3
wired.com	5.960282311120732	550	302	None	0	749000	3540000	4
insurance.hexun.com	6.034887554657153	2848	346	None	0	379000	82	5
cb.com.cn	6.202530515452386	6423	4245	81264	0	579000	459000	4
bbtnews.com.cn	6.214173424480112	5482	3256	103660	0	218000	53	5
finance.yahoo.com	6.819424343866572	2365	1262	None	0	576000	442000	4
money.591hx.com	6.8716778683352615	9991	4864	88384	0	498000	34	4
forex.cnfol.com	6.920067509192826	4356	2863	None	0	699000	22	4
newstock.cfi.cn	6.924286013247613	7581	4854	None	0	560000	17	4
economy.caijing.com.cn	6.984848093809728	1008	77	226	0	82100	17400	3
123.com.cn	7.0437304882736855	3818	2439	18364	0	668000	902000	3
mwr.gov.cn	7.063385608858404	5657	2851	None	0	91600	0	5
techcrunch.com	7.090136752530313	1117	605	None	0	760000	286000	4
chinaventure.com.cn	7.093051384333659	1868	792	49327	0	319000	179000	4
texindex.com.cn	7.105695252942468	4758	2574	None	0	577000	0	4
bank.hexun.com	7.114694546236812	3264	289	None	0	764000	0	4
chinavalue.net	7.129214113488672	3867	2012	194909	0	943000	107000	4
zdcj.net	7.186425151907766	31771	17911	240164	0	499000	58	4
ccement.com	7.208194227379703	7499	4579	164702	0	570000	65800	4
8btc.com	7.215524007823549	18517	6359	6764	0	296000	46400	3
news.cnstock.com	7.355848139156482	5329	3766	None	0	396000	16200	4
iheima.com	7.420056704172499	5515	2988	62885	0	166000	108000	4
afinance.cn	7.540817913253829	1910	811	None	0	555000	88	4
finance.gucheng.com	7.609187796675574	9895	187	None	0	307000	35	4
cnforex.com	7.725060794975348	3001	1625	24886	0	746000	397000	3
xinhua08.com	7.786745556512994	3001	1532	199536	0	615000	87	4
bond.hexun.com	7.833310768601688	1744	240	None	0	470000	94	4
fund.cnfol.com	7.893478565868772	1648	845	None	0	404000	17	4
ceweekly.cn	7.9185768459810895	2481	1288	70005	0	251000	87	4
futures.cngold.org	8.044745032720424	2794	292	16775	0	309000	403000	3
money.eastmoney.com	8.152303590750591	1102	62	4491	0	329000	0	3
stock.cngold.org	8.176475527545715	3759	463	16775	0	540000	10600	3
news.pedaily.cn	8.346472848339676	4135	2326	None	0	149000	26500	4
caiguu.com	8.396097475238701	2634	1587	None	0	198000	0	4
news.trjcn.com	8.509546093061196	71	1	85991	91975	82300	30	1
caijing.chinadaily.com.cn	8.533488055501861	399	247	317	182417	192000	4030	0
pe.pedaily.cn	8.594051184571601	2170	925	None	0	86500	97400	4
china5e.com	8.670162995708658	703	292	22518	0	758000	0	3
chinatimes.cc	9.078484770223223	3272	1068	173801	0	154000	0	4
kuaixun.stcn.com	9.093003239319934	2364	1136	None	0	864000	126000	3
financialnews.com.cn	9.132390637118164	2319	1180	302843	0	248000	0	4
ag.cngold.org	9.357616906335657	4463	158	16775	0	163000	0	3
house.hexun.com	9.458479211543477	2095	173	None	0	817000	60	3
iceo.com.cn	9.505321855357412	1582	751	201673	0	145000	84	4
mrcjcn.com	9.507299044211344	33296	22579	None	0	214000	2020	3
etnet.com.hk	9.507894738441436	1855	1341	None	0	678000	0	3
sinotf.com	9.639026729865734	1998	926	67897	0	452000	71	3
cn.morningstar.com	9.714266057300012	4737	2240	None	0	43300	41	4
forbeschina.com	9.735677240806535	1949	1091	None	0	59100	41	4
news.chemnet.com	9.890636428086822	1192	607	95975	0	563000	17	3
stock.cnfol.com	9.972692836948596	138	2	None	0	1410000	74500	3
laoqianzhuang.com	10.10053640344885	4396	3047	293208	0	632000	68	3
stock.17ok.com	10.105035829663949	175	92	426	0	213000	13700	2
finance.qianlong.com	10.138722959515096	1308	519	45670	0	241000	32	3
finance.cngold.org	10.143368931967991	1472	11	16775	0	117000	30	3
gold.cngold.org	10.163059526986622	3005	250	16775	0	83800	0	3
stock.123.com.cn	10.29696599972203	49	18	18364	862902	450000	34	0
stock.cnstock.com	10.297395004115458	1852	1239	None	0	312000	0	3
money.qq.com	10.329642295376367	1512	953	9	0	78400	118000	1
wabei.cn	10.375439689309001	2670	1141	296756	0	621000	12600	3
tmtpost.com	10.427867049459692	6418	2469	None	0	161000	18500	3
quote.hexun.com	10.439138898317157	696	476	None	0	399000	0	3
hk.finance.yahoo.com	10.463235960474513	689	281	None	0	420000	87	3
money.cnn.com	10.485028606095266	349	219	None	0	509000	0	3
insurance.cnfol.com	10.528767844855217	1716	1211	None	0	253000	10	3
miaogu.com	10.543147206420361	2714	1623	69926	0	160000	72	3
hk.stock.hexun.com	10.593869558106043	663	14	None	0	394000	31600	3
stock.stcn.com	10.706713067550808	1154	411	None	0	272000	0	3
bank.cnfol.com	10.797538866854921	709	381	None	0	287000	19	3
china.caixin.com	10.85719133405085	4225	21	None	0	157000	0	3
ccstock.cn	10.87010634054166	903	280	315673	0	638000	10000	3
news.cnpc.com.cn	11.004712325830724	1675	695	None	0	171000	38	3
geekpark.net	11.092777859417552	2177	949	23413	0	43800	86	3
cpnn.com.cn	11.157784064874036	1244	551	396302	0	482000	11500	3
cfen.com.cn	11.213503558349558	894	445	None	0	64400	110000	3
news.pharmnet.com.cn	11.237636967807159	331	224	None	0	242000	35	3
bwchinese.com	11.295861073603305	1550	801	288178	0	299000	72	3
chinaipo.com	11.389603953459092	4352	1922	10742	0	235000	28	2
investide.cn	11.428284707836344	1866	1091	276178	0	231000	27	3
news.xinhua08.com	11.5432666251731	341	179	199536	0	318000	22	3
theverge.com	11.569252751888321	489	193	None	0	160000	0	3
dailyfx.com.hk	11.597190585259504	1267	810	None	0	99700	0	3
longau.com	11.618545898014638	1001	757	15120	0	66700	342000	2
fortune.com	11.70753285847066	589	306	None	0	125000	0	3
pwc.com	11.738488697099005	1051	544	None	0	96200	0	3
xcf.cn	11.754282564455877	1016	459	None	0	97700	0	3
cnwnews.com	11.780578924389914	181	37	9298	0	542000	43	2
cailianpress.com	11.796926785104553	3958	1719	41623	0	481000	48	2
companies.caixin.com	11.999059339398361	869	62	None	0	83700	8230	3
company.cnstock.com	12.169514466246856	803	434	None	0	69200	0	3
news.cheaa.com	12.294689210605277	368	1	5277	0	167000	52	2
stock.zdcj.net	12.308098348153873	7115	3748	240164	0	50900	35	3
fortune.chinanews.com	12.341283552469609	114	32	4223	0	193000	0	2
finance.caixin.com	12.408119379801352	873	9	None	0	62400	0	3
lieyunwang.com	12.416027396858588	1440	566	29002	0	294000	70	2
jigou.cngold.org	12.848402966117373	463	252	16775	0	186000	0	2
cang.cngold.org	12.868075747214878	1287	27	16775	0	143000	9	2
news.mbalib.com	13.032018334605418	82	26	4713	0	119000	34	2
opinion.caixin.com	13.072783365780673	1169	40	None	0	28300	0	3
roll.finance.qq.com	13.114067450451635	0	0	9	0	0	0	6
people.pedaily.cn	13.159054856624852	843	507	None	0	24800	41	3
biz.eastmoney.com	13.591287160944017	101	27	4491	0	47700	13500	2
quamnet.com	13.722958409486672	80	56	104371	0	577000	71800	2
hongzhoukan.com	13.726897958694867	1126	549	980521	0	80200	21	3
money.stockstar.com	14.039643268506833	386	33	None	0	291000	810	2
house.cnfol.com	14.114811214552965	66	41	None	0	466000	0	2
yuanfangcaijing.com	14.148424606346484	3641	2214	266797	0	200000	14	2
yuanchuang.10jqka.com.cn	14.239509180922592	1076	775	None	0	129000	2990	2
ysslc.com	14.308825509591006	2152	1284	969681	0	592000	8	2
rs.p5w.net	14.441281415143955	3268	1804	25554	0	24200	0	2
imeigu.com	14.556010252956703	280	46	None	192453	0	0	2
stock.xinhua08.com	14.574236298294714	632	379	199536	0	209000	13	2
ntt.nbd.com.cn	14.732000907537252	24	8	27922	145567	0	0	2
economy.caixin.com	14.767326135048776	369	154	None	0	129000	14	2
stats.gov.cn	14.924552316392335	38176	9248	None	0	0	0	7
laohucaijing.com	15.091218899222092	207	59	86678	0	109000	0	2
forex.123.com.cn	15.226534405529346	19	11	18364	71844	53500	3	0
fund.cfi.cn	15.3047299916661	1159	467	None	0	47900	9	2
international.caixin.com	15.330920468074645	761	44	None	0	61800	11	2
info.glinfo.com	15.564732080438887	275	193	1425296	0	509000	0	2
1nongjing.com	15.595552190246671	349	242	472927	0	186000	30	2
dc.xinhua08.com	15.637789811569476	507	307	199536	0	4430	0	3
jrzj.com	15.889081474302982	1376	718	None	0	152000	1240000	1
yn.com	16.012248294600344	560	311	181641	0	187000	2630000	1
neeq.com.cn	16.187898317458398	8307	2107	None	0	0	56	4
finance.17ok.com	16.307054528649616	9	3	426	0	88800	25	1
news.fx678.com	16.419361181943206	1923	671	None	0	712000	39900	1
fmprc.gov.cn	16.55252924159277	16952	8225	15295	0	0	0	5
infomorning.com	16.733488645685572	192	158	None	0	21200	0	2
home.kpmg.com	16.907176045679186	3060	796	None	0	6750	81	2
jjxww.com	16.916564923294896	688	477	None	0	24800	605000	1
forex.cngold.com.cn	17.130690268470545	2230	36	54281	0	239000	15	1
shfinancialnews.com	17.274118818396754	236	103	1777351	0	125000	0	2
ndrc.gov.cn	17.35507163296391	8391	4166	29456	0	0	0	5
zhongyi9999.com	17.402403263708504	1938	1411	344934	0	583000	101000	1
economist.com	17.419854283316432	3966	2036	2261	0	0	0	4
column.caijing.com.cn	17.62770292506188	77	37	226	0	5960	10	1
circ.gov.cn	17.890292112547247	14705	6248	74285	0	0	0	5
zhitongcaijing.com	17.911055905727213	1120	675	None	0	196000	0	1
csrc.gov.cn	18.039584959767534	19864	6279	None	0	0	0	5
goodsfu.10jqka.com.cn	18.110308328047186	96	8	None	0	500000	0	1
stock.cfi.cn	18.231330127029047	75	10	None	0	8320	0	2
safe.gov.cn	18.315028149071363	8140	2097	88298	0	0	0	5
global.123.com.cn	18.405179849225117	7	2	18364	15420	16300	20	0
gold.cngold.com.cn	18.56860713854387	595	229	54281	0	85000	24	1
gold.gucheng.com	18.59099976393357	285	48	None	0	3350	24	2
finance.nbd.com.cn	18.5934701489908	0	0	27922	0	12400	0	2
jpm.cn	18.63886440745585	1845	947	140422	0	104000	91	1
moer.cn	18.692228469698662	1109	498	None	0	93800	0	1
xg.stock.cnfol.com	18.783467075561745	324	137	None	0	141000	6	1
stock.laoqianzhuang.com	18.790135723094494	147	9	293208	0	510000	13	1
ey.com	18.802922920043617	2445	942	9570	0	0	0	4
fastcompany.com	19.231314234313615	0	0	None	0	0	0	7
cnbc.com	19.231314234313615	0	0	None	0	0	0	7
nyse.com	19.231314234313615	0	0	None	0	0	0	7
money.laoqianzhuang.com	19.55012857976516	67	41	293208	0	276000	0	1
world.xinhua08.com	19.583272787774103	413	291	199536	0	93000	0	1
360baogao.com	20.111210426566142	52	8	623039	0	363000	32	1
jjckb.cn	20.466716460145598	0	0	468447	0	0	0	7
analysys.cn	20.48637499171206	2055	338	None	0	13300	0	1
accenture.com	20.563871348904122	3035	1495	None	0	0	0	4
chinamining.org.cn	20.566628160558842	0	0	None	0	0	0	6
iresearch.com.cn	20.566628160558842	0	0	None	0	0	0	6
realestate.cei.gov.cn	20.835983073103606	0	0	140031	0	0	0	6
businessinsider.com	20.838753715072702	1683	595	None	0	0	0	4
currency.cnforex.com	20.995443127123703	0	0	24886	0	0	0	5
gold.cnforex.com	20.995443127123703	0	0	24886	0	0	0	5
quote.fx678.com	21.142788444923603	1753	1271	None	0	6250	32	1
bitecoin.com	21.89507854451736	92	46	322460	0	25900	0	1
co.cnwnews.com	22.031053836595216	0	0	9298	0	0	0	4
capitalweek.com.cn	22.07027714314121	0	0	655063	0	0	0	6
cbinsights.com	22.108134958831425	0	0	None	0	0	0	5
futures.cfi.cn	22.108134958831425	0	0	None	0	0	0	5
bjbusiness.com.cn	22.291455728167918	0	0	863682	0	0	0	6
nielsen.com	23.130506139023247	1259	700	None	0	0	0	3
sbsc.stock.cnfol.com	23.145900654635714	1226	659	None	0	0	0	3
jiaju.cc	23.172650345286378	1178	585	None	0	0	0	3
licai.xiejing.com	23.193109929950058	0	0	534404	8832	8830	10	0
data.stcn.com	23.474697977858956	541	287	None	0	0	0	3
quotes.cnfol.com	23.52392775915841	671	61	None	0	0	0	3
hbr.org	23.628055747454496	416	148	None	0	0	0	3
xinpi.stcn.com	23.63375994394216	339	217	None	0	0	0	3
venturebeat.com	23.777354302465692	235	153	None	0	0	0	3
agri.cn	23.881024963069304	1536	708	273472	0	0	0	3
finance.123.com.cn	24.01859080483761	111	7	18364	0	341000	9	0
news.1nongjing.com	24.239583681133794	1	0	472927	0	18400	5	1
global.eastmoney.com	24.277628132363258	295	210	4491	0	47800	10	0
money.123.com.cn	24.32224975357984	599	45	18364	0	128000	21	0
business.chinanews.com	24.34871556479705	11	6	4223	0	161000	0	0
pinglun.fx678.com	24.559785314550705	253	167	None	0	463000	1580	0
rmb.xinhua08.com	24.786469466769702	179	91	199536	0	0	12	2
forex.cfi.cn	25.122795141312686	116	21	None	0	0	6	2
yocajr.com	25.215562295525864	371	176	None	0	217000	0	0
finance.chinadaily.com.cn	25.321392934442688	16	10	317	0	6520	0	0
cj1.com.cn	25.348837102855615	110	50	None	0	156000	154000	0
mp.cnfol.com	25.717637662235422	412	288	None	0	119000	24	0
cnfol.hk	25.971320809238502	36	20	None	0	252000	0	0
xinsanban.10jqka.com.cn	26.00397099476525	103	57	None	0	161000	5	0
kx.fx678.com	26.082293608584155	69	33	None	0	178000	0	0
time-weekly.com	26.56914133660424	432	189	357056	0	13500	134000	0
forex.fx168.com	26.756231377228623	114	75	None	0	71000	17	0
weiyangx.com	26.758586377287337	1375	819	None	0	0	25	1
iof.hexun.com	26.86884015399533	512	34	None	0	41500	68	0
investorchina.com.cn	27.054468912326918	76	66	None	0	0	0	2
wwv.cyzone.cn	27.154068971432938	484	16	None	32370	0	0	0
technologyreview.com	27.155794683905945	75	35	None	0	0	0	2
futures.xinhua08.com	27.187759482821455	268	139	199536	0	0	0	2
stock.qlmoney.com	27.345370050598348	183	115	333337	0	86100	8	0
itfin.17ok.com	27.7791158433464	10	5	426	0	869	2	0
news.jrzj.com	28.07526334455543	105	25	None	0	22000	34	0
economy.nbd.com.cn	28.349973500495228	34	10	27922	0	9250	0	0
ipo.xiejing.com	28.37149183288145	79	11	534404	18112	0	3	0
stock.xiejing.com	28.46317984266674	37	9	534404	0	86100	0	0
lqz.cn	28.640323424840233	863	605	2326766	0	0	0	2
data.hexun.com	28.67037474406262	95	48	None	0	11700	0	0
weekly.caixin.com	28.70623459082261	76	0	None	0	14500	0	0
money.17ok.com	28.727468950551838	0	0	426	0	0	0	1
www2.deloitte.com	28.792504861518612	0	0	None	0	75600	0	0
datanews.caixin.com	29.24385356131081	130	10	None	0	6640	9	0
gongxiangcj.com	29.43179865081907	146	46	237548	0	9710	0	0
gbiz.caixin.com	29.435279013768824	46	2	None	0	8380	0	0
tech.cheaa.com	29.486610213889215	22	0	5277	0	0	0	1
finance.stcn.com	29.62164932483769	37	15	None	0	6740	0	0
data.ccstock.cn	29.68197723755617	1	0	315673	0	0	0	2
gegu.xiejing.com	29.842056487317098	16	15	534404	25289	0	0	0
mckinsey.com.cn	30.147174416562777	991	592	None	0	0	0	1
stocks.nbd.com.cn	30.338306063802623	0	0	27922	0	5800	6	0
chinaisa.org.cn	30.398523194569655	668	176	None	0	0	0	1
roll.finance.sina.com.cn	30.505687384072626	499	283	19	0	0	0	0
caijing365.com	30.918386632255835	0	0	1843145	0	92800	35	0
bi.qq.com	30.935431116115932	59	0	9	0	0	0	0
t.news.fx168.com	31.214065699195558	85	24	None	0	0	0	1
re.qq.com	31.31897125463311	14	8	9	0	0	0	0
xianhuo.xiejing.com	31.493435297986295	0	0	534404	0	19400	0	0
ipo.gucheng.com	31.707963484392636	23	8	None	0	0	0	1
focus.3news.cn	31.82239482461794	1	0	191412	0	4620	33	0
futures.xiejing.com	31.847734690588524	0	0	534404	0	13600	12	0
bank.xinhua08.com	31.914624097550238	49	26	199536	0	0	0	1
newsroom.accenture.com	31.96097250789004	9	7	None	0	0	0	1
money.cfi.cn	32.13509973639317	6	4	None	0	0	0	1
finance.3news.cn	32.211172937429296	6	1	191412	0	1780	31	0
industry.cfi.cn	32.26248122884059	6	1	None	0	0	0	1
index.caixin.com	33.11018857155296	10	1	None	0	369	3	0
cy.123.com.cn	34.45706879864768	10	1	18364	0	0	24	0
sanban.17ok.com	34.942236968460065	3	2	426	0	0	0	0
dazong.hexun.com	35.18692258094343	4	2	None	0	49	8	0
tj.17ok.com	35.65894075615129	0	0	426	0	0	0	0
fund.17ok.com	35.65894075615129	0	0	426	0	0	0	0
finance.xiejing.com	35.81391549372142	238	43	534404	0	26	0	0
zhongchou.3news.cn	36.213870827126286	1	1	191412	0	48	0	0
live.gold678.com	37.11733428631151	9	7	10873	0	0	0	0
24k99.fx168.com	37.36977931758136	404	360	None	0	0	0	0
weyt.p5w.net	37.61589384405508	21	5	25554	0	0	0	0
research.pedaily.cn	37.7482367955909	244	52	None	0	0	0	0
sc.hkex.com.hk	38.013554482555	83	69	None	0	0	0	0
99qh.fx168.com	38.0818046893673	86	42	None	0	0	0	0
jwview.com	38.10699536660139	0	0	1839725	0	0	69	0
betterworkingworld.ey.com	38.148500066693394	0	0	9570	0	0	0	0
live.123.com.cn	38.66990728343109	0	0	18364	0	0	0	0
live.cnforex.com	38.91303781940425	0	0	24886	0	0	0	0
voice.itjuzi.com	38.922401753336544	0	0	25179	0	0	0	0
sanban.stcn.com	38.97010671926587	8	5	None	0	0	0	0
ftz.nbd.com.cn	39.00512542917467	0	0	27922	0	0	0	0
world.nbd.com.cn	39.00512542917467	0	0	27922	0	0	0	0
industry.nbd.com.cn	39.00512542917467	0	0	27922	0	0	0	0
money.nbd.com.cn	39.00512542917467	0	0	27922	0	0	0	0
pwc.blogs.com	39.30902586342075	4	1	None	0	0	0	0
greenfinance.xinhua08.com	39.49516915882333	10	4	199536	0	0	0	0
credit.xinhua08.com	39.6573552020666	6	3	199536	0	0	0	0
world.xiejing.com	39.801705985929736	41	8	534404	0	0	0	0
mri.mysteel.com	39.91914221598751	0	0	87526	0	0	0	0
wjs.laoqianzhuang.com	40.00740947520291	5	3	293208	0	0	0	0
chinatechinsights.com	40.02572965111197	0	0	None	0	0	0	0
ifnews.com	40.02572965111197	0	0	None	0	0	0	0
zqt888.cn	40.02572965111197	0	0	None	0	0	0	0
stock.zhitongcaijing.com	40.02572965111197	0	0	None	0	0	0	0
autoinfo.org.cn	40.02572965111197	0	0	None	0	0	0	0
caifushibao.com.cn	40.02572965111197	0	0	None	0	0	0	0
caixinglobal.com	40.02572965111197	0	0	None	0	0	0	0
mofunvr.com	40.02572965111197	0	0	None	0	0	0	0
chinathinktanks.org.cn	40.02572965111197	0	0	None	0	0	0	0
press.chnfund.com	40.02572965111197	0	0	None	0	0	0	0
federalreserve.gov	40.02572965111197	0	0	None	0	0	0	0
do1news.com	40.02572965111197	0	0	None	0	0	0	0
xfz.cn	40.02572965111197	0	0	None	0	0	0	0
kanshangjie.com	40.02572965111197	0	0	None	0	0	0	0
reutous.com	40.02572965111197	0	0	None	0	0	0	0
events.technologyreview.com	40.02572965111197	0	0	None	0	0	0	0
house.3news.cn	40.54513604070415	0	0	191412	0	0	0	0
futures.3news.cn	40.54513604070415	0	0	191412	0	0	0	0
pl.3news.cn	40.54513604070415	0	0	191412	0	0	0	0
forex.3news.cn	40.54513604070415	0	0	191412	0	0	0	0
money.3news.cn	40.54513604070415	0	0	191412	0	0	0	0
fintech.xinhua08.com	40.57838923926422	0	0	199536	0	0	0	0
b2b.1nongjing.com	41.26874633635603	0	0	472927	0	0	0	0
biz.xiejing.com	41.366515188101	0	0	534404	0	0	0	0
fund.xiejing.com	41.366515188101	0	0	534404	0	0	0	0
magazine.capitalweek.com.cn	41.52937863369434	0	0	655063	0	0	0	0
